Generation 10
-4.065481273207323 -7.661332586654795 -17.592008582441782 -0.3868492502721541 -3.5343276551352805 1.6427037630880175 -4.245272432005377 -3.8503412413263978 -9.08555440489637 | 22515.0
-4.065481273207323 -10.178514667883684 -17.9730294471937 -0.6753972570193709 -2.2930503004045697 4.635884069954193 -7.537341852418592 -2.9487891139550744 -9.08555440489637 | 20185.0
-3.802944727680616 -7.661332586654795 -17.9730294471937 -0.3868492502721541 -2.3987816648174283 1.6427037630880175 -4.791073741715653 -3.8503412413263978 -9.08555440489637 | 19654.0
-4.065481273207323 -7.661332586654795 -17.9730294471937 -0.6753972570193709 -3.5343276551352805 1.6427037630880175 -4.245272432005377 -3.8503412413263978 -7.993450030969676 | 18101.0
-3.802944727680616 -8.363492122616549 -17.9730294471937 -0.6753972570193709 -2.3987816648174283 1.6427037630880175 -7.537341852418592 -3.8503412413263978 -9.08555440489637 | 17656.0
-2.2469827058012584 -7.661332586654795 -17.9730294471937 -0.6753972570193709 -2.2930503004045697 1.6427037630880175 -7.537341852418592 -3.8503412413263978 -9.08555440489637 | 17508.0
-4.065481273207323 -8.363492122616549 -17.9730294471937 -0.3868492502721541 -3.5343276551352805 4.635884069954193 -7.537341852418592 -3.8503412413263978 -9.08555440489637 | 16825.0
-3.668086829181956 -7.661332586654795 -17.9730294471937 -0.6753972570193709 -2.3987816648174283 1.6427037630880175 -7.537341852418592 -3.8503412413263978 -7.993450030969676 | 16786.0
-4.065481273207323 -10.178514667883684 -17.9730294471937 -0.3868492502721541 -3.5343276551352805 4.635884069954193 -4.245272432005377 -2.9487891139550744 -7.993450030969676 | 15930.0
-3.668086829181956 -10.178514667883684 -17.9730294471937 -0.3868492502721541 -2.3987816648174283 1.6427037630880175 -4.245272432005377 -3.8503412413263978 -7.993450030969676 | 15750.0
-2.2469827058012584 -7.661332586654795 -17.9730294471937 -0.6753972570193709 -2.2930503004045697 1.6427037630880175 -7.537341852418592 -3.8503412413263978 -7.993450030969676 | 15111.0
-2.2469827058012584 -7.661332586654795 -17.9730294471937 -0.6753972570193709 -3.5343276551352805 4.635884069954193 -4.245272432005377 -3.8503412413263978 -7.993450030969676 | 14267.0
-3.802944727680616 -10.178514667883684 -17.9730294471937 -0.3868492502721541 -2.3987816648174283 1.6427037630880175 -4.245272432005377 -3.8503412413263978 -7.993450030969676 | 11501.0
-3.668086829181956 -10.178514667883684 -17.9730294471937 -0.6753972570193709 -2.2930503004045697 4.635884069954193 -4.245272432005377 -3.8503412413263978 -9.08555440489637 | 11395.0
-4.065481273207323 -10.178514667883684 -17.9730294471937 -0.6753972570193709 -3.5343276551352805 4.635884069954193 -7.537341852418592 -2.9487891139550744 -9.08555440489637 | 9362.0
-4.065481273207323 -7.661332586654795 -17.9730294471937 -0.6753972570193709 -2.2930503004045697 4.635884069954193 -7.537341852418592 -3.8503412413263978 -9.08555440489637 | 8969.0
-2.2469827058012584 -7.661332586654795 -17.9730294471937 -0.6753972570193709 -3.5343276551352805 4.635884069954193 -4.245272432005377 -3.8503412413263978 -9.08555440489637 | 8896.0
-4.065481273207323 -7.661332586654795 -17.9730294471937 -0.3868492502721541 -2.2930503004045697 1.6427037630880175 -4.245272432005377 -2.9487891139550744 -7.993450030969676 | 8880.0
-3.668086829181956 -7.661332586654795 -17.9730294471937 -0.6753972570193709 -2.2930503004045697 4.635884069954193 -4.245272432005377 -3.8503412413263978 -9.08555440489637 | 8734.0
-4.065481273207323 -7.661332586654795 -17.9730294471937 -0.6753972570193709 -3.5343276551352805 4.635884069954193 -7.537341852418592 -3.8503412413263978 -7.98846271627785 | 8455.0
-2.2469827058012584 -10.178514667883684 -17.9730294471937 -0.3868492502721541 -2.3987816648174283 1.6427037630880175 -4.791073741715653 -3.8503412413263978 -7.993450030969676 | 8381.0
-2.2469827058012584 -7.661332586654795 -17.9730294471937 -0.6753972570193709 -3.5343276551352805 1.6427037630880175 -4.245272432005377 -3.8503412413263978 -7.993450030969676 | 8343.0
-4.065481273207323 -7.661332586654795 -17.9730294471937 -0.6753972570193709 -2.2930503004045697 0.8247175749470835 -7.537341852418592 -3.8503412413263978 -9.08555440489637 | 8006.0
-3.668086829181956 -7.661332586654795 -17.9730294471937 -0.6753972570193709 -3.5343276551352805 1.6427037630880175 -7.537341852418592 -5.305169782538891 -7.477923233218693 | 7744.0
-2.2469827058012584 -7.661332586654795 -17.9730294471937 -0.6753972570193709 -3.5343276551352805 4.635884069954193 -7.537341852418592 -3.8503412413263978 -7.993450030969676 | 7718.0
-3.668086829181956 -7.661332586654795 -17.9730294471937 -0.6753972570193709 -3.5343276551352805 1.6427037630880175 -4.245272432005377 -3.8503412413263978 -9.08555440489637 | 7678.0
-3.668086829181956 -10.178514667883684 -17.9730294471937 -0.6753972570193709 -2.2930503004045697 4.635884069954193 -7.537341852418592 -3.8503412413263978 -9.08555440489637 | 7636.0
-2.2469827058012584 -10.178514667883684 -17.9730294471937 -0.6753972570193709 -3.5343276551352805 4.635884069954193 -4.245272432005377 -3.8503412413263978 -9.08555440489637 | 7560.0
-3.802944727680616 -10.178514667883684 -17.9730294471937 -0.3868492502721541 -2.2930503004045697 1.6427037630880175 -4.791073741715653 -3.8503412413263978 -9.08555440489637 | 7538.0
-2.2469827058012584 -7.661332586654795 -17.9730294471937 -0.3868492502721541 -2.2930503004045697 1.6427037630880175 -4.245272432005377 -3.8503412413263978 -7.993450030969676 | 7431.0
-4.065481273207323 -10.178514667883684 -17.9730294471937 -0.6753972570193709 -3.5343276551352805 1.6427037630880175 -4.245272432005377 -3.8503412413263978 -9.08555440489637 | 7303.0
-4.065481273207323 -10.178514667883684 -17.9730294471937 -0.3868492502721541 -2.3987816648174283 1.6427037630880175 -4.791073741715653 -3.8503412413263978 -9.404690138115871 | 6995.0
-4.065481273207323 -10.178514667883684 -17.9730294471937 -0.6753972570193709 -3.5343276551352805 1.6427037630880175 -7.537341852418592 -3.8503412413263978 -9.08555440489637 | 6853.0
-4.065481273207323 -7.661332586654795 -17.9730294471937 -0.6753972570193709 -3.5343276551352805 1.6427037630880175 -4.245272432005377 -3.8503412413263978 -7.993450030969676 | 6363.0
-2.2469827058012584 -7.661332586654795 -17.9730294471937 -0.6753972570193709 -3.5343276551352805 1.6427037630880175 -4.245272432005377 -3.8503412413263978 -9.08555440489637 | 6322.0
-2.2469827058012584 -10.178514667883684 -17.9730294471937 -0.6753972570193709 -3.5343276551352805 4.635884069954193 -7.537341852418592 -3.8503412413263978 -9.08555440489637 | 6245.0
-2.2469827058012584 -7.661332586654795 -17.9730294471937 -0.3868492502721541 -3.5343276551352805 1.6427037630880175 -7.537341852418592 -3.8503412413263978 -7.993450030969676 | 5886.0
-3.668086829181956 -7.8749049531113995 -17.9730294471937 -0.6753972570193709 -2.2930503004045697 1.6427037630880175 -7.537341852418592 -2.9487891139550744 -7.984181958019602 | 5866.0
-4.065481273207323 -7.661332586654795 -17.9730294471937 -0.3868492502721541 -3.5343276551352805 1.6427037630880175 -4.245272432005377 -3.8503412413263978 -7.993450030969676 | 5783.0
-2.2469827058012584 -7.661332586654795 -17.9730294471937 -0.3868492502721541 -2.2930503004045697 1.6427037630880175 -4.791073741715653 -3.8503412413263978 -9.08555440489637 | 5530.0
-2.2469827058012584 -10.178514667883684 -17.9730294471937 -0.3868492502721541 -2.2930503004045697 1.6427037630880175 -4.245272432005377 -2.9487891139550744 -7.993450030969676 | 5376.0
-4.065481273207323 -7.661332586654795 -17.9730294471937 -0.6753972570193709 -2.2930503004045697 1.6427037630880175 -7.537341852418592 -3.8503412413263978 -7.993450030969676 | 5198.0
-4.065481273207323 -10.178514667883684 -17.9730294471937 -0.3868492502721541 -3.5343276551352805 1.6427037630880175 -4.245272432005377 -3.8503412413263978 -7.993450030969676 | 4792.0
-4.065481273207323 -10.178514667883684 -17.778799202347507 -0.3868492502721541 -2.2930503004045697 4.635884069954193 -4.245272432005377 -3.8503412413263978 -9.08555440489637 | 4761.0
-4.065481273207323 -10.178514667883684 -17.9730294471937 -0.6753972570193709 -2.2930503004045697 4.635884069954193 -4.245272432005377 -3.8503412413263978 -9.08555440489637 | 4746.0
-3.668086829181956 -7.661332586654795 -17.9730294471937 -0.6753972570193709 -3.5343276551352805 1.6427037630880175 -7.537341852418592 -3.8503412413263978 -9.08555440489637 | 4600.0
-3.668086829181956 -7.661332586654795 -17.9730294471937 -0.6753972570193709 -2.3987816648174283 1.6427037630880175 -4.245272432005377 -3.8503412413263978 -7.993450030969676 | 4566.0
-3.668086829181956 -7.661332586654795 -17.9730294471937 -0.6753972570193709 -2.2930503004045697 1.6427037630880175 -4.245272432005377 -4.436966573955772 -7.993450030969676 | 4334.0
-4.065481273207323 -7.719808936398487 -17.9730294471937 -0.6753972570193709 -3.5343276551352805 4.635884069954193 -7.537341852418592 -3.8503412413263978 -9.08555440489637 | 4137.0
-4.065481273207323 -7.661332586654795 -17.9730294471937 -0.6753972570193709 -3.5343276551352805 1.6427037630880175 -4.245272432005377 -3.8503412413263978 -7.993450030969676 | 4098.0
-3.802944727680616 -8.363492122616549 -17.9730294471937 -0.3868492502721541 -3.5343276551352805 1.6427037630880175 -7.537341852418592 -3.8503412413263978 -7.993450030969676 | 4021.0
-4.065481273207323 -7.661332586654795 -17.9730294471937 -0.6753972570193709 -2.2930503004045697 1.6427037630880175 -7.537341852418592 -3.8503412413263978 -9.08555440489637 | 4014.0
-3.668086829181956 -10.178514667883684 -17.9730294471937 -0.6753972570193709 -2.3987816648174283 4.635884069954193 -4.245272432005377 -3.8503412413263978 -9.08555440489637 | 3876.0
-2.2469827058012584 -7.661332586654795 -17.9730294471937 -0.3868492502721541 -2.2930503004045697 1.6427037630880175 -4.245272432005377 -3.8503412413263978 -9.08555440489637 | 3862.0
-2.2469827058012584 -10.178514667883684 -17.9730294471937 -0.3868492502721541 -2.2930503004045697 1.6427037630880175 -7.537341852418592 -3.8503412413263978 -7.993450030969676 | 3839.0
-4.065481273207323 -7.661332586654795 -17.9730294471937 -0.3868492502721541 -3.5343276551352805 1.6427037630880175 -4.245272432005377 -3.8503412413263978 -7.993450030969676 | 3838.0
-2.2469827058012584 -7.661332586654795 -17.9730294471937 -0.3868492502721541 -2.2930503004045697 1.6427037630880175 -4.245272432005377 -3.8503412413263978 -7.993450030969676 | 3654.0
-3.668086829181956 -7.661332586654795 -17.9730294471937 -0.6753972570193709 -3.5343276551352805 1.6427037630880175 -7.537341852418592 -5.305169782538891 -7.477923233218693 | 3531.0
-2.2469827058012584 -7.661332586654795 -17.9730294471937 -0.3868492502721541 -2.2930503004045697 1.6427037630880175 -4.245272432005377 -3.8503412413263978 -7.993450030969676 | 3471.0
-4.065481273207323 -9.711432954160848 -17.9730294471937 -0.3868492502721541 -2.2930503004045697 1.6427037630880175 -7.537341852418592 -2.9487891139550744 -7.993450030969676 | 3430.0
-4.065481273207323 -7.661332586654795 -17.9730294471937 -0.6753972570193709 -2.2930503004045697 2.0203919062185296 -4.245272432005377 -3.8503412413263978 -7.993450030969676 | 3275.0
-3.668086829181956 -10.178514667883684 -17.9730294471937 -0.6753972570193709 -3.5343276551352805 4.635884069954193 -4.245272432005377 -3.8503412413263978 -9.08555440489637 | 3225.0
-2.2469827058012584 -10.178514667883684 -17.9730294471937 -0.6753972570193709 -3.5343276551352805 1.6427037630880175 -4.245272432005377 -3.8503412413263978 -7.993450030969676 | 2987.0
-3.668086829181956 -10.178514667883684 -17.9730294471937 -0.3868492502721541 -2.3987816648174283 1.6427037630880175 -4.791073741715653 -3.8503412413263978 -9.404690138115871 | 2609.0
-3.802944727680616 -8.363492122616549 -17.9730294471937 -0.6753972570193709 -3.5343276551352805 1.6427037630880175 -7.537341852418592 -3.8503412413263978 -7.993450030969676 | 2419.0
-3.668086829181956 -7.661332586654795 -17.9730294471937 -0.6753972570193709 -3.5343276551352805 4.635884069954193 -4.245272432005377 -3.8503412413263978 -9.08555440489637 | 2277.0
-3.802944727680616 -7.661332586654795 -17.9730294471937 -0.3868492502721541 -2.3987816648174283 1.6427037630880175 -4.791073741715653 -3.8503412413263978 -9.08555440489637 | 2272.0
-4.065481273207323 -7.661332586654795 -17.9730294471937 -0.6753972570193709 -2.2930503004045697 4.635884069954193 -7.537341852418592 -3.8503412413263978 -7.993450030969676 | 2264.0
-2.2469827058012584 -7.661332586654795 -18.548731087408637 -0.3868492502721541 -2.2930503004045697 4.635884069954193 -7.537341852418592 -3.8503412413263978 -7.993450030969676 | 2155.0
-2.2469827058012584 -7.661332586654795 -17.9730294471937 -0.3868492502721541 -2.2930503004045697 1.6427037630880175 -4.245272432005377 -3.8503412413263978 -7.993450030969676 | 2134.0
-4.065481273207323 -7.661332586654795 -17.9730294471937 -0.3868492502721541 -2.3987816648174283 3.8973600177643855 -7.537341852418592 -3.8503412413263978 -9.08555440489637 | 1952.0
-4.065481273207323 -10.178514667883684 -17.9730294471937 -0.3868492502721541 -2.2930503004045697 1.6427037630880175 -4.245272432005377 -3.8503412413263978 -7.993450030969676 | 1837.0
-3.668086829181956 -7.661332586654795 -17.9730294471937 -0.3868492502721541 -3.5343276551352805 1.6427037630880175 -4.791073741715653 -3.8503412413263978 -9.08555440489637 | 1776.0
-2.2469827058012584 -7.661332586654795 -17.9730294471937 -0.6753972570193709 -3.5343276551352805 4.635884069954193 -7.537341852418592 -3.8503412413263978 -9.08555440489637 | 1756.0
-3.668086829181956 -7.661332586654795 -17.9730294471937 -0.6753972570193709 -3.5343276551352805 1.637094470342276 -4.245272432005377 -3.8503412413263978 -9.08555440489637 | 1681.0
-4.065481273207323 -7.661332586654795 -17.9730294471937 -0.6753972570193709 -3.5343276551352805 1.6427037630880175 -4.245272432005377 -3.8503412413263978 -7.993450030969676 | 1564.0
-4.065481273207323 -10.178514667883684 -17.9730294471937 -0.3868492502721541 -3.5343276551352805 1.6427037630880175 -4.245272432005377 -2.9487891139550744 -7.993450030969676 | 1500.0
-4.065481273207323 -10.178514667883684 -17.9730294471937 -0.6753972570193709 -2.207365293831719 1.6427037630880175 -4.245272432005377 -2.9487891139550744 -9.08555440489637 | 1488.0
-2.2469827058012584 -10.178514667883684 -17.9730294471937 -0.3868492502721541 -2.2930503004045697 1.6427037630880175 -4.245272432005377 -3.8503412413263978 -9.08555440489637 | 1456.0
-3.668086829181956 -10.178514667883684 -17.9730294471937 -0.3868492502721541 -3.5343276551352805 4.635884069954193 -4.245272432005377 -2.9487891139550744 -7.993450030969676 | 1298.0
-4.065481273207323 -7.9628544404722295 -17.592008582441782 -0.3868492502721541 -3.5343276551352805 1.6427037630880175 -4.245272432005377 -3.8503412413263978 -9.08555440489637 | 1257.0
-4.065481273207323 -7.661332586654795 -17.9730294471937 -0.3868492502721541 -3.5343276551352805 1.6427037630880175 -4.245272432005377 -3.8503412413263978 -7.993450030969676 | 1062.0
-4.065481273207323 -9.711432954160848 -17.9730294471937 -0.3868492502721541 -3.5343276551352805 1.6427037630880175 -4.245272432005377 -3.8503412413263978 -7.993450030969676 | 858.0
-2.2469827058012584 -10.178514667883684 -17.9730294471937 -0.6753972570193709 -3.5343276551352805 1.6427037630880175 -4.245272432005377 -3.8503412413263978 -9.08555440489637 | 850.0
-4.065481273207323 -7.661332586654795 -17.9730294471937 -0.6753972570193709 -3.5343276551352805 4.635884069954193 -7.537341852418592 -3.8503412413263978 -7.993450030969676 | 798.0
-4.065481273207323 -7.661332586654795 -17.9730294471937 -0.6753972570193709 -3.5343276551352805 4.635884069954193 -7.537341852418592 -2.9487891139550744 -7.993450030969676 | 773.0
-2.2469827058012584 -7.661332586654795 -17.9730294471937 -0.6753972570193709 -3.5343276551352805 1.6427037630880175 -4.245272432005377 -3.8503412413263978 -9.08555440489637 | 748.0
-4.065481273207323 -7.661332586654795 -17.592008582441782 -0.3868492502721541 -3.5343276551352805 1.6427037630880175 -4.245272432005377 -3.8503412413263978 -7.993450030969676 | 690.0
-3.802944727680616 -8.363492122616549 -17.9730294471937 -0.6753972570193709 -3.5343276551352805 1.6427037630880175 -7.537341852418592 -3.8503412413263978 -7.993450030969676 | 650.0
-2.2469827058012584 -10.178514667883684 -17.9730294471937 -0.6753972570193709 -3.5343276551352805 4.635884069954193 -4.245272432005377 -3.8503412413263978 -7.993450030969676 | 611.0
-2.2469827058012584 -7.661332586654795 -17.9730294471937 -0.3868492502721541 -2.2930503004045697 1.6427037630880175 -4.245272432005377 -3.8503412413263978 -7.993450030969676 | 500.0
-4.065481273207323 -10.178514667883684 -17.9730294471937 -0.3868492502721541 -2.2930503004045697 1.6427037630880175 -7.537341852418592 -2.9487891139550744 -9.08555440489637 | 461.0
-4.065481273207323 -7.661332586654795 -17.9730294471937 -0.6753972570193709 -3.5343276551352805 4.635884069954193 -7.537341852418592 -3.8503412413263978 -7.993450030969676 | 442.0
-4.065481273207323 -10.178514667883684 -17.9730294471937 -0.6753972570193709 -3.5343276551352805 4.635884069954193 -4.245272432005377 -3.8503412413263978 -9.08555440489637 | 419.0
-3.802944727680616 -7.661332586654795 -17.592008582441782 -0.6753972570193709 -2.3987816648174283 1.6427037630880175 -4.245272432005377 -3.8503412413263978 -9.08555440489637 | 396.0
-2.2469827058012584 -7.661332586654795 -17.9730294471937 -0.3868492502721541 -2.2930503004045697 1.6427037630880175 -4.245272432005377 -3.8503412413263978 -7.993450030969676 | 394.0
-4.065481273207323 -10.178514667883684 -17.9730294471937 -0.6753972570193709 -3.5343276551352805 4.635884069954193 -7.537341852418592 -2.9487891139550744 -9.08555440489637 | 249.0
-2.2469827058012584 -7.661332586654795 -17.9730294471937 -0.3868492502721541 -2.2930503004045697 1.6427037630880175 -4.245272432005377 -3.8503412413263978 -9.08555440489637 | 216.0
-3.802944727680616 -8.363492122616549 -17.9730294471937 -0.6753972570193709 -3.5343276551352805 1.6427037630880175 -7.537341852418592 -3.8503412413263978 -7.993450030969676 | 82.0
-4.065481273207323 -7.661332586654795 -17.592008582441782 -0.3868492502721541 -3.5343276551352805 1.6427037630880175 -4.245272432005377 -3.8503412413263978 -7.993450030969676 | 28.0
